  1.031660  0.128290  0.015829  0.127294  0.128290  0.015953  0.001968  0.000000  0.015953  0.000000  0.000000  0.001984  0.128290  0.015953  0.000000  0.015829 
  0.128290  1.031660  0.130274  0.015953  0.015953  0.128290  0.031906  0.000000  0.000000  0.015829  0.001968  0.000000  0.015953  0.128290  0.000000  0.001984 
  0.015953  0.130258  1.031660  0.128290  0.000000  0.000000  0.128290  0.000000  0.000000  0.000000  0.000000  0.000000  0.001984  0.031783  0.126306  0.015953 
  0.131293  0.016327  0.128290  1.031908  0.032156  0.003999  0.015953  0.127294  0.005998  0.000000  0.000000  0.016575  0.016327  0.002030  0.000000  0.130289 
  0.128290  0.015953  0.000000  0.000247  1.031660  0.128290  0.000000  0.126306  0.130274  0.000000  0.000000  0.031906  0.015953  0.001984  0.000000  0.001984 
  0.015953  0.128290  0.031906  0.001984  0.128290  1.031660  0.130274  0.000000  0.000000  0.127294  0.015829  0.000000  0.001984  0.015953  0.000000  0.000247 
  0.004030  0.000501  0.130289  0.016329  0.032408  0.130336  1.031908  0.128290  0.004061  0.015829  0.127294  0.016458  0.000501  0.000062  0.000000  0.004014 
  0.032408  0.004030  0.032031  0.131309  0.134304  0.032408  0.130289  1.031660  0.032658  0.001968  0.015829  0.132351  0.004030  0.000501  0.000000  0.032282 
  0.015953  0.001984  0.000249  0.001999  0.130289  0.032031  0.001999  0.000000  1.031908  0.128290  0.015953  0.130289  0.128290  0.015953  0.001968  0.016078 
  0.001984  0.015953  0.001999  0.000249  0.032031  0.131277  0.016078  0.000000  0.128321  1.031660  0.128290  0.016202  0.015953  0.128290  0.015829  0.001999 
  0.000249  0.003983  0.032156  0.003999  0.001999  0.016078  0.131293  0.015829  0.016078  0.128290  1.031660  0.129294  0.000031  0.016202  0.127294  0.016327 
  0.000000  0.000000  0.001984  0.015953  0.000247  0.001984  0.015953  0.126306  0.128290  0.015829  0.127294  1.031660  0.000000  0.000000  0.000000  0.128290 
  0.128290  0.015953  0.000031  0.016078  0.016202  0.003983  0.000249  0.000000  0.130289  0.015953  0.001984  0.032031  1.031660  0.128290  0.015829  0.129294 
  0.015953  0.128290  0.000249  0.001999  0.003983  0.016325  0.001999  0.000000  0.016202  0.128290  0.015953  0.003983  0.128290  1.031660  0.127294  0.016078 
  0.003983  0.032282  0.132320  0.032408  0.000251  0.002015  0.032408  0.001984  0.003999  0.016078  0.129294  0.032157  0.016080  0.131309  1.031660  0.132320 
  0.016080  0.004014  0.016454  0.130336  0.000031  0.000251  0.004030  0.000247  0.016204  0.001999  0.016078  0.130305  0.127325  0.016329  0.128290  1.032161 
